ion: HI              0.0000   1215.6701   1215.1982   -116.4025
 fitflag=            1
 region            1   12297.597500000000        12675.597500000000     
min at     2098    2070    2133  12465.5975      0.6659      0.0333
  fit line:          1      2098  12465.597500      3.813262     67.550880
min at     2116    2070    2133  12573.5975      0.9184      0.0339
  fit line:          2      2117  12579.597500      0.676940     47.998496
 region            2   14247.597500000000        14919.597500000000     
min at     2420    2395    2507  14397.5975      0.7764      0.0333
  fit line:          3      2420  14397.597500      1.868080     52.017092
min at     2464    2395    2507  14661.5975      0.8404      0.0333
  fit line:          4      2464  14661.597500      1.141616     44.290357
min at     2494    2395    2507  14841.5975      0.9376      0.0333
  fit line:          5      2494  14841.597500      0.933736     84.266844
 region            3   15291.597500000000        15357.597500000000     
min at     2574    2569    2580  15321.5975      0.9523      0.0333
  fit line:          6      2574  15321.597500      0.576386     66.000000
 region            4   16059.597500000000        16413.597500000000     
min at     2731    2697    2756  16263.5975      0.8943      0.0333
  fit line:          7      2731  16263.597500      0.811179     47.998496
min at     2710    2697    2756  16137.5975      0.9178      0.0333
  fit line:          8      2710  16137.597500      0.771423     56.372139
 region            5   16479.597500000000        16641.597500000000     
min at     2781    2767    2794  16563.5975      0.9269      0.0333
  fit line:          9      2781  16563.597500      0.704708     57.536052
 region            6   17079.597500000000        17121.597500000000     
 region            7   17997.597500000000        18393.597500000000     
min at     3057    3020    3086  18219.5975      0.7122      0.0333
  fit line:         10      3057  18219.597500      2.128815     45.189631
min at     3033    3020    3086  18075.5975      0.9268      0.0333
  fit line:         11      3033  18075.597500      0.879094     68.922437
min at     3072    3020    3086  18309.5975      0.9522      0.0334
  fit line:         12      3075  18327.597500      0.624643     69.618623
 region            8   18879.597500000000        19131.597500000000     
min at     3188    3167    3209  19005.5975      0.8444      0.0333
  fit line:         13      3188  19005.597500      1.287946     52.017092
 region            9   19233.597500000000        19647.597500000000     
min at     3273    3226    3295  19515.5975      0.7311      0.0333
  fit line:         14      3273  19515.597500      1.741173     39.258303
min at     3259    3226    3295  19431.5975      0.8642      0.0334
  fit line:         15      3258  19425.597500      0.933736     42.119689
min at     3233    3226    3295  19275.5975      0.9492      0.0333
  fit line:         16      3233  19275.597500      0.719017     75.447329
 region           10   20199.597500000000        20883.597500000000     
min at     3436    3387    3501  20493.5975      0.0359      0.0333
  fit line:         17      3437  20499.597500     20.223409     40.055405
min at     3453    3387    3501  20595.5975      0.0847      0.0361
  fit line:         18      3453  20595.597500     14.959263     35.863137
min at     3419    3387    3501  20391.5975      0.1683      0.0336
  fit line:         19      3419  20391.597500     15.262997     47.043326
min at     3469    3387    3501  20691.5975      0.5475      0.0334
  fit line:         20      3470  20697.597500      4.302039     42.545141
min at     3428    3387    3501  20445.5975      0.7982      0.1216
  fit line:         21      3427  20439.597500      1.176561     26.527976
min at     3407    3387    3501  20319.5975      0.8239      0.0387
  fit line:         22      3406  20313.597500      1.438502     35.504505
min at     3446    3387    3501  20553.5975      0.8484      0.1159
  fit line:         23      3447  20559.597500      0.991774     28.461498
min at     3482    3387    3501  20769.5975      0.8620      0.0342
  fit line:         24      3482  20769.597500      1.622887     48.483329
 region           11   20931.597500000000        21189.597500000000     
min at     3531    3509    3552  21063.5975      0.8186      0.0333
  fit line:         25      3531  21063.597500      1.237196     43.408979
 region           12   22293.597500000000        22863.597500000000     
min at     3754    3736    3831  22401.5975      0.8038      0.0333
  fit line:         26      3755  22407.597500      1.438502     47.043326
min at     3793    3736    3831  22635.5975      0.8745      0.0333
  fit line:         27      3793  22635.597500      0.924398     45.189631
min at     3821    3736    3831  22803.5975      0.9120      0.0333
  fit line:         28      3821  22803.597500      0.542656     38.477063
min at     3769    3736    3831  22491.5975      0.9512      0.0335
  fit line:         29      3772  22509.597500      0.570622     64.240215
 region           13   24453.597500000000        24801.597500000000     
min at     4118    4096    4154  24585.5975      0.8024      0.0333
  fit line:         30      4118  24585.597500      1.574685     49.967411
min at     4149    4096    4154  24771.5975      0.9577      0.0333
  fit line:         31      4149  24771.597500      0.704708     85.977803
 region           14   26367.597500000000        26655.597500000000     
min at     4440    4415    4463  26517.5975      0.8568      0.0333
  fit line:         32      4440  26517.597500      1.512636     66.875371
 region           15   27423.597500000000        27729.597500000000     
min at     4615    4591    4642  27567.5975      0.6075      0.0333
  fit line:         33      4616  27573.597500      3.279628     47.518511
 region           16   27993.597500000000        28659.597500000000     
min at     4710    4686    4797  28137.5975      0.5052      0.0333
  fit line:         34      4710  28137.597500      3.518667     38.477063
min at     4765    4686    4797  28467.5975      0.6617      0.0333
  fit line:         35      4766  28473.597500      2.602760     44.737735
min at     4777    4686    4797  28539.5975      0.8086      0.0344
  fit line:         36      4778  28545.597500      1.022132     33.426787
min at     4724    4686    4797  28221.5975      0.9578      0.0334
  fit line:         37      4732  28269.597500      0.972038    115.070950
 region           17   29757.597500000000        30375.597500000000     
min at     5058    4980    5083  30225.5975      0.4092      0.0333
  fit line:         38      5058  30225.597500      3.929987     32.109638
min at     5011    4980    5083  29943.5975      0.8290      0.0333
  fit line:         39      5010  29937.597500      1.639280     57.516722
min at     4995    4980    5083  29847.5975      0.9201      0.0336
  fit line:         40      4995  29847.597500      0.733616     49.467737
 region           18   30783.597500000000        30963.597500000000     
min at     5166    5151    5181  30873.5975      0.8976      0.0333
  fit line:         41      5166  30873.597500      0.779215     47.288266
 region           19   31173.597500000000        31425.597500000000     
min at     5236    5216    5258  31293.5975      0.8090      0.0333
  fit line:         42      5237  31299.597500      1.482535     48.483329
 region           20   32307.597500000000        33021.597500000003     
min at     5497    5405    5524  32859.5975      0.8708      0.0333
  fit line:         43      5498  32865.597500      1.622887     78.542206
min at     5450    5405    5524  32577.5975      0.9094      0.0333
  fit line:         44      5449  32571.597500      1.118898     73.945928
min at     5416    5405    5524  32373.5975      0.9137      0.0333
  fit line:         45      5416  32373.597500      0.656834     46.572893
 region           21   34143.597500000003        34203.597500000003     
min at     5716    5711    5721  34173.5975      0.9468      0.0333
  fit line:         46      5716  34173.597500      0.471430     49.570117
 region           22   34539.597500000003        34905.597500000003     
min at     5813    5777    5838  34755.5975      0.6767      0.0333
  fit line:         47      5813  34755.597500      2.682430     49.967411
min at     5798    5777    5838  34665.5975      0.8433      0.0336
  fit line:         48      5798  34665.597500      1.176561     46.107164
 region           23   36393.597500000003        36903.597500000003     
min at     6131    6086    6171  36663.5975      0.8997      0.0333
  fit line:         49      6131  36663.597500      0.870303     53.609343
min at     6155    6086    6171  36807.5975      0.9095      0.0333
  fit line:         50      6154  36801.597500      1.022132     69.618623
min at     6098    6086    6171  36465.5975      0.9248      0.0333
  fit line:         51      6098  36465.597500      0.690685     54.697830
 region           24   37623.597500000003        37701.597500000003     
min at     6296    6291    6304  37653.5975      0.9462      0.0333
  fit line:         52      6297  37659.597500      0.495725     51.657999
 region           25   37959.597500000003        38409.597500000003     
min at     6395    6347    6422  38247.5975      0.5412      0.0333
  fit line:         53      6395  38247.597500      3.518667     42.119689
min at     6371    6347    6422  38103.5975      0.7490      0.0333
  fit line:         54      6371  38103.597500      2.525455     61.091805
 region           26   39705.597500000003        40551.597500000003     
min at     6713    6638    6779  40155.5975      0.1336      0.0333
  fit line:         55      6712  40149.597500     11.290044     40.868692
min at     6754    6638    6779  40401.5975      0.4962      0.0333
  fit line:         56      6754  40401.597500      4.091196     38.865720
min at     6700    6638    6779  40077.5975      0.5526      0.0365
  fit line:         57      6699  40071.597500      2.238525     28.176883
min at     6724    6638    6779  40221.5975      0.7663      0.0354
  fit line:         58      6727  40239.597500      2.172039     54.697830
min at     6702    6638    6779  40089.5975      0.8688      0.0504
  fit line:         59      6702  40089.597500      0.542656     21.052980
min at     6655    6638    6779  39807.5975      0.8761      0.0333
  fit line:         60      6657  39819.597500      1.830905     77.756784
min at     6690    6638    6779  40017.5975      0.9007      0.0336
  fit line:         61      6690  40017.597500      0.779215     37.711369
min at     6741    6638    6779  40323.5975      0.9200      0.0341
  fit line:         62      6740  40317.597500      0.763709     44.737735
 region           27   41457.597500000003        41583.597500000003     
min at     6941    6930    6951  41523.5975      0.9402      0.0333
  fit line:         63      6941  41523.597500      0.711827     68.252320
 region           28   42015.597500000003        42435.597500000003     
min at     7051    7023    7093  42183.5975      0.3585      0.0333
  fit line:         64      7052  42189.597500      5.002031     35.863137
min at     7062    7023    7093  42249.5975      0.8609      0.0346
  fit line:         65      7063  42255.597500      0.763709     32.109638
min at     7042    7023    7093  42129.5975      0.8712      0.0346
  fit line:         66      7042  42129.597500      0.981856     43.847454
min at     7085    7023    7093  42387.5975      0.9568      0.0333
  fit line:         67      7085  42387.597500      1.164795    119.791201
 region           29   42753.597500000003        43239.597500000003     
min at     7183    7146    7227  42975.5975      0.4975      0.0333
  fit line:         68      7183  42975.597500      4.756882     49.467737
min at     7165    7146    7227  42867.5975      0.8643      0.0334
  fit line:         69      7166  42873.597500      1.354321     59.876078
min at     7212    7146    7227  43149.5975      0.9175      0.0333
  fit line:         70      7211  43143.597500      1.064061     73.206468
 region           30   44307.597500000003        44643.597500000003     
min at     7433    7405    7461  44475.5975      0.9144      0.0333
  fit line:         71      7432  44469.597500      1.032457     73.206468
 region           31   45849.597500000003        46527.597500000003     
min at     7752    7662    7775  46389.5975      0.6177      0.0333
  fit line:         72      7751  46383.597500      2.500201     38.092292
min at     7687    7662    7775  45999.5975      0.8195      0.0333
  fit line:         73      7686  45993.597500      1.622887     55.250334
min at     7715    7662    7775  46167.5975      0.9302      0.0333
  fit line:         74      7716  46173.597500      1.074809     85.977803
min at     7738    7662    7775  46305.5975      0.9441      0.0336
  fit line:         75      7736  46293.597500      0.471430     47.518511
 region           32   48033.597500000003        48177.597500000003     
min at     8035    8026    8050  48087.5975      0.9476      0.0333
  fit line:         76      8035  48087.597500      0.748511     79.586421
 region           33   48549.597500000003        48753.597500000003     
min at     8130    8112    8146  48657.5975      0.8891      0.0333
  fit line:         77      8130  48657.597500      0.861600     48.483329
 region           34   49653.597500000003        49965.597500000003     
min at     8309    8296    8348  49731.5975      0.9089      0.0333
  fit line:         78      8309  49731.597500      0.697661     47.043326
min at     8334    8296    8348  49881.5975      0.9350      0.0333
  fit line:         79      8335  49887.597500      0.630952     55.808418
 region           35   51015.597500000003        51177.597500000003     
min at     8536    8523    8550  51093.5975      0.9135      0.0333
  fit line:         80      8536  51093.597500      0.726279     51.514228
 region           36   51267.597500000003        52149.597500000003     
min at     8683    8565    8712  51975.5975      0.4177      0.0333
  fit line:         81      8683  51975.597500      4.302039     35.863137
min at     8653    8565    8712  51795.5975      0.4550      0.0333
  fit line:         82      8653  51795.597500      5.312944     47.998496
min at     8621    8565    8712  51603.5975      0.5551      0.0333
  fit line:         83      8616  51573.597500      6.899541     86.846265
min at     8664    8565    8712  51861.5975      0.7309      0.0365
  fit line:         84      8665  51867.597500      1.527916     33.764431
min at     8585    8565    8712  51387.5975      0.7907      0.0334
  fit line:         85      8588  51405.597500      1.906010     61.708894
min at     8605    8565    8712  51507.5975      0.9130      0.0406
  fit line:         86      8604  51501.597500      0.606090     39.654851
min at     8697    8565    8712  52059.5975      0.9359      0.0334
  fit line:         87      8698  52065.597500      0.704708     58.097699
 region           37   52341.597500000003        52557.597500000003     
min at     8761    8744    8780  52443.5975      0.8540      0.0333
  fit line:         88      8761  52443.597500      0.962317     41.698492
 region           38   52905.597500000003        53145.597500000003     
min at     8863    8838    8878  53055.5975      0.9132      0.0333
  fit line:         89      8863  53055.597500      0.741026     51.496921
 region           39   53733.597500000003        54501.597500000003     
min at     8998    8976    9104  53865.5975      0.5909      0.0333
  fit line:         90      8998  53865.597500      2.525455     34.797966
min at     9041    8976    9104  54123.5975      0.8324      0.0333
  fit line:         91      9042  54129.597500      1.467710     53.609343
min at     9066    8976    9104  54273.5975      0.8614      0.0333
  fit line:         92      9065  54267.597500      1.085665     47.518511
min at     9096    8976    9104  54453.5975      0.9471      0.0333
  fit line:         93      9096  54453.597500      0.779215     76.979216
 region           40   54705.597500000003        55017.597500000003     
min at     9163    9138    9190  54855.5975      0.5125      0.0333
  fit line:         94      9163  54855.597500      3.813262     42.119689
 region           41   56031.597500000003        56271.597500000003     
min at     9387    9359    9399  56199.5975      0.9234      0.0333
  fit line:         95      9387  56199.597500      0.676940     53.073250
min at     9371    9359    9399  56103.5975      0.9442      0.0334
  fit line:         96      9370  56097.597500      0.542656     55.808418
 region           42   57873.597500000003        58203.597500000003     
min at     9701    9666    9721  58083.5975      0.7932      0.0333
  fit line:         97      9701  58083.597500      1.314097     40.460005
min at     9685    9666    9721  57987.5975      0.9422      0.0333
  fit line:         98      9683  57975.597500      0.683778     66.875371
 region           43   59673.597500000003        60027.597500000003     
min at     9996    9966   10025  59853.5975      0.7205      0.0333
  fit line:         99      9996  59853.597500      1.964353     43.408979
min at    10007    9966   10025  59919.5975      0.8624      0.0340
  fit line:        100     10008  59925.597500      0.697661     31.470656
min at     9974    9966   10025  59721.5975      0.9478      0.0333
  fit line:        101      9974  59721.597500      0.726279     73.945928
 region           44   60531.597500000003        60795.597500000003     
min at    10131   10109   10153  60663.5975      0.7673      0.0333
  fit line:        102     10131  60663.597500      1.741173     46.572893
 region           45   61281.597500000003        61527.597500000003     
min at    10254   10234   10275  61401.5975      0.7503      0.0333
  fit line:        103     10254  61401.597500      1.438502     35.863137
 region           46   61875.597500000003        62193.597500000003     
min at    10360   10333   10386  62037.5975      0.2560      0.0333
  fit line:        104     10360  62037.597500      5.700184     30.844390
min at    10351   10333   10386  61983.5975      0.8884      0.0346
  fit line:        105     10351  61983.597500      0.906003     44.290357
min at    10370   10333   10386  62097.5975      0.9297      0.0339
  fit line:        106     10371  62103.597500      0.481002     35.149460
 region           47   63141.597500000003        63471.597500000003     
min at    10569   10544   10599  63291.5975      0.8387      0.0333
  fit line:        107     10570  63297.597500      1.153147     44.737735
min at    10584   10544   10599  63381.5975      0.9407      0.0334
  fit line:        108     10586  63393.597500      0.570622     54.697830
min at    10554   10544   10599  63201.5975      0.9599      0.0333
  fit line:        109     10551  63183.597500      0.576386     75.447329
 region           48   63585.597500000003        64353.597500000003     
min at    10641   10618   10746  63723.5975      0.4849      0.0333
  fit line:        110     10642  63729.597500      3.737378     37.711369
min at    10662   10618   10746  63849.5975      0.5774      0.0333
  fit line:        111     10662  63849.597500      3.663004     47.518511
min at    10704   10618   10746  64101.5975      0.7433      0.0333
  fit line:        112     10705  64107.597500      2.602760     60.480887
min at    10726   10618   10746  64233.5975      0.8621      0.0334
  fit line:        113     10726  64233.597500      1.262316     54.697830
min at    10681   10618   10746  63963.5975      0.9316      0.0334
  fit line:        114     10682  63969.597500      0.795036     63.597813
 region           49   64509.597500000003        64899.597500000003     
min at    10804   10772   10837  64701.5975      0.8410      0.0333
  fit line:        115     10804  64701.597500      3.214363    127.237097
 region           50   65637.597500000003        65823.597500000003     
min at    10974   10960   10991  65721.5975      0.9125      0.0333
  fit line:        116     10974  65721.597500      0.819373     56.815379
 region           51   65949.597500000003        66267.597500000003     
min at    11038   11012   11065  66105.5975      0.5360      0.0333
  fit line:        117     11038  66105.597500      3.929987     46.572893
 region           52   67395.597500000003        67803.597500000003     
min at    11277   11253   11321  67539.5975      0.5619      0.0333
  fit line:        118     11277  67539.597500      2.330350     29.628998
min at    11294   11253   11321  67641.5975      0.8571      0.0333
  fit line:        119     11294  67641.597500      1.438502     61.091805
min at    11268   11253   11321  67485.5975      0.9380      0.0337
  fit line:        120     11267  67479.597500      0.500733     43.847454
 region           53   67845.597500000003        68061.597500000003     
min at    11346   11328   11364  67953.5975      0.8496      0.0333
  fit line:        121     11346  67953.597500      0.962317     40.868692
ion: HI              0.0000   1215.6701   1215.1982   -116.4025
 fitflag=            1
 region            1   12297.597500000000        12675.597500000000     
min at     2098    2070    2133  12465.5975      0.6659      0.0333
  fit line:          1      2098  12465.597500      3.813262     67.550880
min at     2116    2070    2133  12573.5975      0.9184      0.0339
  fit line:          2      2117  12579.597500      0.676940     47.998496
 region            2   14247.597500000000        14919.597500000000     
min at     2420    2395    2507  14397.5975      0.7764      0.0333
  fit line:          3      2420  14397.597500      1.868080     52.017092
min at     2464    2395    2507  14661.5975      0.8404      0.0333
  fit line:          4      2464  14661.597500      1.141616     44.290357
min at     2494    2395    2507  14841.5975      0.9376      0.0333
  fit line:          5      2494  14841.597500      0.933736     84.266844
 region            3   15291.597500000000        15357.597500000000     
min at     2574    2569    2580  15321.5975      0.9523      0.0333
  fit line:          6      2574  15321.597500      0.576386     66.000000
 region            4   16059.597500000000        16413.597500000000     
min at     2731    2697    2756  16263.5975      0.8943      0.0333
  fit line:          7      2731  16263.597500      0.811179     47.998496
min at     2710    2697    2756  16137.5975      0.9178      0.0333
  fit line:          8      2710  16137.597500      0.771423     56.372139
 region            5   16479.597500000000        16641.597500000000     
min at     2781    2767    2794  16563.5975      0.9269      0.0333
  fit line:          9      2781  16563.597500      0.704708     57.536052
 region            6   17079.597500000000        17121.597500000000     
 region            7   17997.597500000000        18393.597500000000     
min at     3057    3020    3086  18219.5975      0.7122      0.0333
  fit line:         10      3057  18219.597500      2.128815     45.189631
min at     3033    3020    3086  18075.5975      0.9268      0.0333
  fit line:         11      3033  18075.597500      0.879094     68.922437
min at     3072    3020    3086  18309.5975      0.9522      0.0334
  fit line:         12      3075  18327.597500      0.624643     69.618623
 region            8   18879.597500000000        19131.597500000000     
min at     3188    3167    3209  19005.5975      0.8444      0.0333
  fit line:         13      3188  19005.597500      1.287946     52.017092
 region            9   19233.597500000000        19647.597500000000     
min at     3273    3226    3295  19515.5975      0.7311      0.0333
  fit line:         14      3273  19515.597500      1.741173     39.258303
min at     3259    3226    3295  19431.5975      0.8642      0.0334
  fit line:         15      3258  19425.597500      0.933736     42.119689
min at     3233    3226    3295  19275.5975      0.9492      0.0333
  fit line:         16      3233  19275.597500      0.719017     75.447329
 region           10   20199.597500000000        20883.597500000000     
min at     3436    3387    3501  20493.5975      0.0359      0.0333
  fit line:         17      3437  20499.597500     20.223409     40.055405
min at     3453    3387    3501  20595.5975      0.0847      0.0361
  fit line:         18      3453  20595.597500     14.959263     35.863137
min at     3419    3387    3501  20391.5975      0.1683      0.0336
  fit line:         19      3419  20391.597500     15.262997     47.043326
min at     3469    3387    3501  20691.5975      0.5475      0.0334
  fit line:         20      3470  20697.597500      4.302039     42.545141
min at     3428    3387    3501  20445.5975      0.7982      0.1216
  fit line:         21      3427  20439.597500      1.176561     26.527976
min at     3407    3387    3501  20319.5975      0.8239      0.0387
  fit line:         22      3406  20313.597500      1.438502     35.504505
min at     3446    3387    3501  20553.5975      0.8484      0.1159
  fit line:         23      3447  20559.597500      0.991774     28.461498
min at     3482    3387    3501  20769.5975      0.8620      0.0342
  fit line:         24      3482  20769.597500      1.622887     48.483329
 region           11   20931.597500000000        21189.597500000000     
min at     3531    3509    3552  21063.5975      0.8186      0.0333
  fit line:         25      3531  21063.597500      1.237196     43.408979
 region           12   22293.597500000000        22863.597500000000     
min at     3754    3736    3831  22401.5975      0.8038      0.0333
  fit line:         26      3755  22407.597500      1.438502     47.043326
min at     3793    3736    3831  22635.5975      0.8745      0.0333
  fit line:         27      3793  22635.597500      0.924398     45.189631
min at     3821    3736    3831  22803.5975      0.9120      0.0333
  fit line:         28      3821  22803.597500      0.542656     38.477063
min at     3769    3736    3831  22491.5975      0.9512      0.0335
  fit line:         29      3772  22509.597500      0.570622     64.240215
 region           13   24453.597500000000        24801.597500000000     
min at     4118    4096    4154  24585.5975      0.8024      0.0333
  fit line:         30      4118  24585.597500      1.574685     49.967411
min at     4149    4096    4154  24771.5975      0.9577      0.0333
  fit line:         31      4149  24771.597500      0.704708     85.977803
 region           14   26367.597500000000        26655.597500000000     
min at     4440    4415    4463  26517.5975      0.8568      0.0333
  fit line:         32      4440  26517.597500      1.512636     66.875371
 region           15   27423.597500000000        27729.597500000000     
min at     4615    4591    4642  27567.5975      0.6075      0.0333
  fit line:         33      4616  27573.597500      3.279628     47.518511
 region           16   27993.597500000000        28659.597500000000     
min at     4710    4686    4797  28137.5975      0.5052      0.0333
  fit line:         34      4710  28137.597500      3.518667     38.477063
min at     4765    4686    4797  28467.5975      0.6617      0.0333
  fit line:         35      4766  28473.597500      2.602760     44.737735
min at     4777    4686    4797  28539.5975      0.8086      0.0344
  fit line:         36      4778  28545.597500      1.022132     33.426787
min at     4724    4686    4797  28221.5975      0.9578      0.0334
  fit line:         37      4732  28269.597500      0.972038    115.070950
 region           17   29757.597500000000        30375.597500000000     
min at     5058    4980    5083  30225.5975      0.4092      0.0333
  fit line:         38      5058  30225.597500      3.929987     32.109638
min at     5011    4980    5083  29943.5975      0.8290      0.0333
  fit line:         39      5010  29937.597500      1.639280     57.516722
min at     4995    4980    5083  29847.5975      0.9201      0.0336
  fit line:         40      4995  29847.597500      0.733616     49.467737
 region           18   30783.597500000000        30963.597500000000     
min at     5166    5151    5181  30873.5975      0.8976      0.0333
  fit line:         41      5166  30873.597500      0.779215     47.288266
 region           19   31173.597500000000        31425.597500000000     
min at     5236    5216    5258  31293.5975      0.8090      0.0333
  fit line:         42      5237  31299.597500      1.482535     48.483329
 region           20   32307.597500000000        33021.597500000003     
min at     5497    5405    5524  32859.5975      0.8708      0.0333
  fit line:         43      5498  32865.597500      1.622887     78.542206
min at     5450    5405    5524  32577.5975      0.9094      0.0333
  fit line:         44      5449  32571.597500      1.118898     73.945928
min at     5416    5405    5524  32373.5975      0.9137      0.0333
  fit line:         45      5416  32373.597500      0.656834     46.572893
 region           21   34143.597500000003        34203.597500000003     
min at     5716    5711    5721  34173.5975      0.9468      0.0333
  fit line:         46      5716  34173.597500      0.471430     49.570117
 region           22   34539.597500000003        34905.597500000003     
min at     5813    5777    5838  34755.5975      0.6767      0.0333
  fit line:         47      5813  34755.597500      2.682430     49.967411
min at     5798    5777    5838  34665.5975      0.8433      0.0336
  fit line:         48      5798  34665.597500      1.176561     46.107164
 region           23   36393.597500000003        36903.597500000003     
min at     6131    6086    6171  36663.5975      0.8997      0.0333
  fit line:         49      6131  36663.597500      0.870303     53.609343
min at     6155    6086    6171  36807.5975      0.9095      0.0333
  fit line:         50      6154  36801.597500      1.022132     69.618623
min at     6098    6086    6171  36465.5975      0.9248      0.0333
  fit line:         51      6098  36465.597500      0.690685     54.697830
 region           24   37623.597500000003        37701.597500000003     
min at     6296    6291    6304  37653.5975      0.9462      0.0333
  fit line:         52      6297  37659.597500      0.495725     51.657999
 region           25   37959.597500000003        38409.597500000003     
min at     6395    6347    6422  38247.5975      0.5412      0.0333
  fit line:         53      6395  38247.597500      3.518667     42.119689
min at     6371    6347    6422  38103.5975      0.7490      0.0333
  fit line:         54      6371  38103.597500      2.525455     61.091805
 region           26   39705.597500000003        40551.597500000003     
min at     6713    6638    6779  40155.5975      0.1336      0.0333
  fit line:         55      6712  40149.597500     11.290044     40.868692
min at     6754    6638    6779  40401.5975      0.4962      0.0333
  fit line:         56      6754  40401.597500      4.091196     38.865720
min at     6700    6638    6779  40077.5975      0.5526      0.0365
  fit line:         57      6699  40071.597500      2.238525     28.176883
min at     6724    6638    6779  40221.5975      0.7663      0.0354
  fit line:         58      6727  40239.597500      2.172039     54.697830
min at     6702    6638    6779  40089.5975      0.8688      0.0504
  fit line:         59      6702  40089.597500      0.542656     21.052980
min at     6655    6638    6779  39807.5975      0.8761      0.0333
  fit line:         60      6657  39819.597500      1.830905     77.756784
min at     6690    6638    6779  40017.5975      0.9007      0.0336
  fit line:         61      6690  40017.597500      0.779215     37.711369
min at     6741    6638    6779  40323.5975      0.9200      0.0341
  fit line:         62      6740  40317.597500      0.763709     44.737735
 region           27   41457.597500000003        41583.597500000003     
min at     6941    6930    6951  41523.5975      0.9402      0.0333
  fit line:         63      6941  41523.597500      0.711827     68.252320
 region           28   42015.597500000003        42435.597500000003     
min at     7051    7023    7093  42183.5975      0.3585      0.0333
  fit line:         64      7052  42189.597500      5.002031     35.863137
min at     7062    7023    7093  42249.5975      0.8609      0.0346
  fit line:         65      7063  42255.597500      0.763709     32.109638
min at     7042    7023    7093  42129.5975      0.8712      0.0346
  fit line:         66      7042  42129.597500      0.981856     43.847454
min at     7085    7023    7093  42387.5975      0.9568      0.0333
  fit line:         67      7085  42387.597500      1.164795    119.791201
 region           29   42753.597500000003        43239.597500000003     
min at     7183    7146    7227  42975.5975      0.4975      0.0333
  fit line:         68      7183  42975.597500      4.756882     49.467737
min at     7165    7146    7227  42867.5975      0.8643      0.0334
  fit line:         69      7166  42873.597500      1.354321     59.876078
min at     7212    7146    7227  43149.5975      0.9175      0.0333
  fit line:         70      7211  43143.597500      1.064061     73.206468
 region           30   44307.597500000003        44643.597500000003     
min at     7433    7405    7461  44475.5975      0.9144      0.0333
  fit line:         71      7432  44469.597500      1.032457     73.206468
 region           31   45849.597500000003        46527.597500000003     
min at     7752    7662    7775  46389.5975      0.6177      0.0333
  fit line:         72      7751  46383.597500      2.500201     38.092292
min at     7687    7662    7775  45999.5975      0.8195      0.0333
  fit line:         73      7686  45993.597500      1.622887     55.250334
min at     7715    7662    7775  46167.5975      0.9302      0.0333
  fit line:         74      7716  46173.597500      1.074809     85.977803
min at     7738    7662    7775  46305.5975      0.9441      0.0336
  fit line:         75      7736  46293.597500      0.471430     47.518511
 region           32   48033.597500000003        48177.597500000003     
min at     8035    8026    8050  48087.5975      0.9476      0.0333
  fit line:         76      8035  48087.597500      0.748511     79.586421
 region           33   48549.597500000003        48753.597500000003     
min at     8130    8112    8146  48657.5975      0.8891      0.0333
  fit line:         77      8130  48657.597500      0.861600     48.483329
 region           34   49653.597500000003        49965.597500000003     
min at     8309    8296    8348  49731.5975      0.9089      0.0333
  fit line:         78      8309  49731.597500      0.697661     47.043326
min at     8334    8296    8348  49881.5975      0.9350      0.0333
  fit line:         79      8335  49887.597500      0.630952     55.808418
 region           35   51015.597500000003        51177.597500000003     
min at     8536    8523    8550  51093.5975      0.9135      0.0333
  fit line:         80      8536  51093.597500      0.726279     51.514228
 region           36   51267.597500000003        52149.597500000003     
min at     8683    8565    8712  51975.5975      0.4177      0.0333
  fit line:         81      8683  51975.597500      4.302039     35.863137
min at     8653    8565    8712  51795.5975      0.4550      0.0333
  fit line:         82      8653  51795.597500      5.312944     47.998496
min at     8621    8565    8712  51603.5975      0.5551      0.0333
  fit line:         83      8616  51573.597500      6.899541     86.846265
min at     8664    8565    8712  51861.5975      0.7309      0.0365
  fit line:         84      8665  51867.597500      1.527916     33.764431
min at     8585    8565    8712  51387.5975      0.7907      0.0334
  fit line:         85      8588  51405.597500      1.906010     61.708894
min at     8605    8565    8712  51507.5975      0.9130      0.0406
  fit line:         86      8604  51501.597500      0.606090     39.654851
min at     8697    8565    8712  52059.5975      0.9359      0.0334
  fit line:         87      8698  52065.597500      0.704708     58.097699
 region           37   52341.597500000003        52557.597500000003     
min at     8761    8744    8780  52443.5975      0.8540      0.0333
  fit line:         88      8761  52443.597500      0.962317     41.698492
 region           38   52905.597500000003        53145.597500000003     
min at     8863    8838    8878  53055.5975      0.9132      0.0333
  fit line:         89      8863  53055.597500      0.741026     51.496921
 region           39   53733.597500000003        54501.597500000003     
min at     8998    8976    9104  53865.5975      0.5909      0.0333
  fit line:         90      8998  53865.597500      2.525455     34.797966
min at     9041    8976    9104  54123.5975      0.8324      0.0333
  fit line:         91      9042  54129.597500      1.467710     53.609343
min at     9066    8976    9104  54273.5975      0.8614      0.0333
  fit line:         92      9065  54267.597500      1.085665     47.518511
min at     9096    8976    9104  54453.5975      0.9471      0.0333
  fit line:         93      9096  54453.597500      0.779215     76.979216
 region           40   54705.597500000003        55017.597500000003     
min at     9163    9138    9190  54855.5975      0.5125      0.0333
  fit line:         94      9163  54855.597500      3.813262     42.119689
 region           41   56031.597500000003        56271.597500000003     
min at     9387    9359    9399  56199.5975      0.9234      0.0333
  fit line:         95      9387  56199.597500      0.676940     53.073250
min at     9371    9359    9399  56103.5975      0.9442      0.0334
  fit line:         96      9370  56097.597500      0.542656     55.808418
 region           42   57873.597500000003        58203.597500000003     
min at     9701    9666    9721  58083.5975      0.7932      0.0333
  fit line:         97      9701  58083.597500      1.314097     40.460005
min at     9685    9666    9721  57987.5975      0.9422      0.0333
  fit line:         98      9683  57975.597500      0.683778     66.875371
 region           43   59673.597500000003        60027.597500000003     
min at     9996    9966   10025  59853.5975      0.7205      0.0333
  fit line:         99      9996  59853.597500      1.964353     43.408979
min at    10007    9966   10025  59919.5975      0.8624      0.0340
  fit line:        100     10008  59925.597500      0.697661     31.470656
min at     9974    9966   10025  59721.5975      0.9478      0.0333
  fit line:        101      9974  59721.597500      0.726279     73.945928
 region           44   60531.597500000003        60795.597500000003     
min at    10131   10109   10153  60663.5975      0.7673      0.0333
  fit line:        102     10131  60663.597500      1.741173     46.572893
 region           45   61281.597500000003        61527.597500000003     
min at    10254   10234   10275  61401.5975      0.7503      0.0333
  fit line:        103     10254  61401.597500      1.438502     35.863137
 region           46   61875.597500000003        62193.597500000003     
min at    10360   10333   10386  62037.5975      0.2560      0.0333
  fit line:        104     10360  62037.597500      5.700184     30.844390
min at    10351   10333   10386  61983.5975      0.8884      0.0346
  fit line:        105     10351  61983.597500      0.906003     44.290357
min at    10370   10333   10386  62097.5975      0.9297      0.0339
  fit line:        106     10371  62103.597500      0.481002     35.149460
 region           47   63141.597500000003        63471.597500000003     
min at    10569   10544   10599  63291.5975      0.8387      0.0333
  fit line:        107     10570  63297.597500      1.153147     44.737735
min at    10584   10544   10599  63381.5975      0.9407      0.0334
  fit line:        108     10586  63393.597500      0.570622     54.697830
min at    10554   10544   10599  63201.5975      0.9599      0.0333
  fit line:        109     10551  63183.597500      0.576386     75.447329
 region           48   63585.597500000003        64353.597500000003     
min at    10641   10618   10746  63723.5975      0.4849      0.0333
  fit line:        110     10642  63729.597500      3.737378     37.711369
min at    10662   10618   10746  63849.5975      0.5774      0.0333
  fit line:        111     10662  63849.597500      3.663004     47.518511
min at    10704   10618   10746  64101.5975      0.7433      0.0333
  fit line:        112     10705  64107.597500      2.602760     60.480887
min at    10726   10618   10746  64233.5975      0.8621      0.0334
  fit line:        113     10726  64233.597500      1.262316     54.697830
min at    10681   10618   10746  63963.5975      0.9316      0.0334
  fit line:        114     10682  63969.597500      0.795036     63.597813
 region           49   64509.597500000003        64899.597500000003     
min at    10804   10772   10837  64701.5975      0.8410      0.0333
  fit line:        115     10804  64701.597500      3.214363    127.237097
 region           50   65637.597500000003        65823.597500000003     
min at    10974   10960   10991  65721.5975      0.9125      0.0333
  fit line:        116     10974  65721.597500      0.819373     56.815379
 region           51   65949.597500000003        66267.597500000003     
min at    11038   11012   11065  66105.5975      0.5360      0.0333
  fit line:        117     11038  66105.597500      3.929987     46.572893
 region           52   67395.597500000003        67803.597500000003     
min at    11277   11253   11321  67539.5975      0.5619      0.0333
  fit line:        118     11277  67539.597500      2.330350     29.628998
min at    11294   11253   11321  67641.5975      0.8571      0.0333
  fit line:        119     11294  67641.597500      1.438502     61.091805
min at    11268   11253   11321  67485.5975      0.9380      0.0337
  fit line:        120     11267  67479.597500      0.500733     43.847454
 region           53   67845.597500000003        68061.597500000003     
min at    11346   11328   11364  67953.5975      0.8496      0.0333
  fit line:        121     11346  67953.597500      0.962317     40.868692
ion: OVI             0.0000   1031.9270   1031.5264   -116.4025
 fitflag=            1
 region            1   14265.597500000000        14553.597500000000     
min at     2419    2398    2446  14391.5975      0.5608      0.0333
  fit line:          1      2419  14391.597500      7.182562     24.741933
min at     2431    2398    2446  14463.5975      0.8811      0.0333
  fit line:          2      2431  14463.597500      2.602760     36.249017
 region            2   20265.597500000000        20547.597500000000     
min at     3410    3398    3445  20337.5975      0.8900      0.0333
  fit line:          3      3411  20343.597500      1.830905     29.351839
min at     3435    3398    3445  20487.5975      0.9178      0.0333
  fit line:          4      3435  20487.597500      1.655838     33.448588
min at     3419    3398    3445  20391.5975      0.9361      0.0335
  fit line:          5      3421  20403.597500      1.212576     32.782961
 region            3   32847.597500000003        32937.597500000003     
min at     5504    5495    5510  32901.5975      0.9396      0.0333
  fit line:          6      5504  32901.597500      1.527916     40.486393
 region            4   40029.597500000003        40233.597500000003     
min at     6713    6692    6726  40155.5975      0.9051      0.0333
  fit line:          7      6713  40155.597500      2.065587     36.249017
min at     6701    6692    6726  40083.5975      0.9174      0.0333
  fit line:          8      6701  40083.597500      1.287946     26.017026
 region            5   44523.597500000003        44733.597500000003     
min at     7459    7441    7476  44631.5975      0.8487      0.0333
  fit line:          9      7459  44631.597500      3.087705     35.527661
 region            6   63825.597500000003        63879.597500000003     
min at    10662   10658   10667  63849.5975      0.9322      0.0333
  fit line:         10     10662  63849.597500      1.381820     33.114102
 region            7   64671.597500000003        64743.597500000003     
min at    10803   10799   10811  64695.5975      0.9491      0.0333
  fit line:         11     10803  64695.597500      1.689458     50.000000
 region            8   67491.597500000003        67587.597500000003     
min at    11277   11269   11285  67539.5975      0.9103      0.0333
  fit line:         12     11277  67539.597500      1.381820     25.499287
ion: MgII            0.0000   2796.3520   2795.2665   -116.4025
 fitflag=            1
ion: CIV             0.0000   1548.1950   1547.5940   -116.4025
 fitflag=            1
 region            1   14355.597500000000        14439.597500000000     
min at     2419    2413    2427  14391.5975      0.9131      0.0333
  fit line:          1      2420  14397.597500      0.618396     25.244294
 region            2   20379.597500000000        20535.597500000000     
min at     3428    3417    3443  20445.5975      0.8728      0.0333
  fit line:          2      3428  20445.597500      0.836009     25.499287
 region            3   40119.597500000003        40191.597500000003     
min at     6713    6707    6719  40155.5975      0.9333      0.0333
  fit line:          3      6713  40155.597500      0.670171     34.472454
