     1   260   335   1221.51   1223.35   1437.60   1887.60     48.17
     2   343   372   1223.54   1224.25   1935.60   2109.60      5.67
     3   401   462   1224.97   1226.46   2283.60   2649.60     19.96
     4   624   762   1230.44   1233.85   3621.60   4449.60     72.50
     5   813   823   1235.11   1235.36   4755.60   4815.60      4.31
     6  1054  1108   1241.08   1242.42   6201.60   6525.60     30.64
     7  1149  1204   1243.44   1244.81   6771.60   7101.60     33.83
     8  1273  1348   1246.53   1248.40   7515.60   7965.60     16.78
     9  1618  1660   1255.17   1256.22   9585.60   9837.60      8.43
    10  2048  2090   1266.02   1267.08  12165.60  12417.60      9.00
    11  2151  2279   1268.63   1271.88  12783.60  13551.60     22.77
    12  2285  2322   1272.04   1272.98  13587.60  13809.60      6.62
    13  2329  2356   1273.16   1273.84  13851.60  14013.60      5.70
    14  2516  2557   1277.93   1278.98  14973.60  15219.60      6.50
    15  2753  2763   1284.01   1284.26  16395.60  16455.60      4.32
    16  2800  2839   1285.21   1286.22  16677.60  16911.60      7.58
    17  2848  2893   1286.45   1287.61  16965.60  17235.60     13.80
    18  3003  3040   1290.45   1291.40  17895.60  18117.60      7.78
    19  3082  3144   1292.49   1294.09  18369.60  18741.60     88.64
    20  3213  3242   1295.88   1296.63  19155.60  19329.60      6.36
    21  3272  3334   1297.41   1299.02  19509.60  19881.60     10.38
    22  3391  3443   1300.51   1301.86  20223.60  20535.60     18.95
    23  3859  3894   1312.75   1313.67  23031.60  23241.60      9.53
    24  4005  4103   1316.59   1319.17  23907.60  24495.60     19.66
    25  4123  4210   1319.70   1322.00  24615.60  25137.60    154.60
    26  4270  4300   1323.59   1324.38  25497.60  25677.60      6.66
    27  4349  4364   1325.68   1326.08  25971.60  26061.60      4.30
    28  4487  4535   1329.35   1330.63  26799.60  27087.60     13.00
    29  4587  4603   1332.01   1332.44  27399.60  27495.60      4.40
    30  4747  4799   1336.28   1337.68  28359.60  28671.60     19.95
    31  4951  5148   1341.75   1347.05  29583.60  30765.60    144.04
    32  5307  5368   1351.35   1353.00  31719.60  32085.60     27.34
    33  5393  5433   1353.67   1354.76  32235.60  32475.60      5.47
    34  5465  5578   1355.63   1358.69  32667.60  33345.60     22.18
    35  5759  5810   1363.63   1365.02  34431.60  34737.60      6.25
    36  5935  6001   1368.44   1370.25  35487.60  35883.60    105.48
    37  6066  6120   1372.03   1373.51  36273.60  36597.60     35.03
    38  6141  6193   1374.09   1375.52  36723.60  37035.60     34.03
    39  6206  6256   1375.88   1377.26  37113.60  37413.60     22.83
    40  6306  6347   1378.64   1379.77  37713.60  37959.60     16.95
    41  6466  6526   1383.06   1384.72  38673.60  39033.60     19.31
    42  6681  6719   1389.02   1390.08  39963.60  40191.60      7.54
    43  6843  6953   1393.53   1396.60  40935.60  41595.60      9.06
    44  7090  7139   1400.44   1401.81  42417.60  42711.60     13.95
    45  7146  7197   1402.01   1403.44  42753.60  43059.60     19.35
    46  7298  7370   1406.28   1408.31  43665.60  44097.60     19.86
    47  7404  7449   1409.27   1410.54  44301.60  44571.60     18.11
    48  7476  7532   1411.30   1412.88  44733.60  45069.60     41.05
    49  7581  7638   1414.27   1415.88  45363.60  45705.60     33.69
    50  7769  7856   1419.60   1422.07  46491.60  47013.60    147.40
    51  8184  8400   1431.44   1437.64  48981.60  50277.60    100.25
    52  8426  8473   1438.39   1439.74  50433.60  50715.60     14.53
    53  8537  8572   1441.59   1442.60  51099.60  51309.60      6.59
    54  8827  8903   1449.98   1452.19  52839.60  53295.60     57.17
    55  9007  9079   1455.21   1457.31  53919.60  54351.60     17.22
    56  9160  9166   1459.68   1459.85  54837.60  54873.60      4.04
    57  9447  9478   1468.08   1468.99  56559.60  56745.60      5.85
    58  9503  9577   1469.73   1471.91  56895.60  57339.60     26.11
    59  9760  9810   1477.31   1478.79  58437.60  58737.60     14.70
    60  9821  9864   1479.11   1480.39  58803.60  59061.60      8.81
    61  9979 10125   1483.80   1488.14  59751.60  60627.60    117.70
    62 10275 10313   1492.61   1493.75  61527.60  61755.60     14.09
    63 10399 10436   1496.32   1497.43  62271.60  62493.60      5.67
    64 10645 10691   1503.71   1505.09  63747.60  64023.60     15.77
    65 10726 10744   1506.15   1506.69  64233.60  64341.60      4.47
    66 10831 10904   1509.32   1511.52  64863.60  65301.60     46.40
    67 10939 11087   1512.58   1517.07  65511.60  66399.60     68.02
    68 11122 11176   1518.13   1519.77  66609.60  66933.60     21.59
    69 11198 11301   1520.44   1523.58  67065.60  67683.60     91.01
    70 11310 11345   1523.86   1524.92  67737.60  67947.60      5.98
    71 11420 11493   1527.21   1529.45  68397.60  68835.60     70.64
    72 11528 11597   1530.52   1532.63  69045.60  69459.60     26.33
    73 11991 12032   1544.77   1546.04  71823.60  72069.60     11.41
    74 12179 12257   1550.59   1553.01  72951.60  73419.60     18.34
    75 12283 12309   1553.82   1554.63  73575.60  73731.60      5.55
    76 12335 12356   1555.44   1556.09  73887.60  74013.60      4.48
    77 12392 12449   1557.21   1558.99  74229.60  74571.60     11.35
    78 12481 12511   1559.99   1560.93  74763.60  74943.60      6.66
    79 12651 12705   1565.31   1567.00  75783.60  76107.60     45.79
    80 12713 12764   1567.25   1568.85  76155.60  76461.60     31.64
    81 13001 13054   1576.31   1577.98  77883.60  78201.60     35.24
    82 13141 13252   1580.73   1584.25  78723.60  79389.60     67.90
    83 13446 13489   1590.41   1591.78  80553.60  80811.60     12.01
    84 13649 13698   1596.89   1598.45  81771.60  82065.60     27.54
    85 13781 13890   1601.11   1604.61  82563.60  83217.60     22.90
    86 14016 14125   1608.66   1612.17  83973.60  84627.60     38.70
    87 14417 14458   1621.62   1622.95  86379.60  86625.60      7.91
    88 14523 14627   1625.07   1628.45  87015.60  87639.60     11.15
    89 14707 14840   1631.06   1635.41  88119.60  88917.60     13.14
    90 14870 14901   1636.39   1637.41  89097.60  89283.60      6.33
    91 15003 15029   1640.75   1641.61  89895.60  90051.60      4.76
    92 15077 15131   1643.18   1644.96  90339.60  90663.60      9.98
    93 15156 15346   1645.78   1652.05  90813.60  91953.60    127.05
    94 15427 15450   1654.73   1655.50  92439.60  92577.60      4.56
    95 15698 15716   1663.73   1664.33  94065.60  94173.60      4.75
    96 15751 15800   1665.50   1667.13  94383.60  94677.60     26.47
    97 15866 15905   1669.34   1670.64  95073.60  95307.60     11.69
    98 15980 16020   1673.15   1674.49  95757.60  95997.60      7.59
    99 16085 16105   1676.67   1677.34  96387.60  96507.60      5.04
   100 16286 16388   1683.43   1686.87  97593.60  98205.60     54.53
   101 16419 16445   1687.92   1688.79  98391.60  98547.60      5.03
   102 16556 16586   1692.55   1693.57  99213.60  99393.60      5.75
   103 16663 16713   1696.18   1697.88  99855.60 100155.60     13.13
   104 16916 16983   1704.79   1707.08 101373.60 101775.60     42.82
   105 17006 17144   1707.86   1712.59 101913.60 102741.60    170.12
   106 17211 17275   1714.88   1717.08 103143.60 103527.60     21.02
   107 17361 17415   1720.04   1721.90 104043.60 104367.60     61.01
   108 17445 17465   1722.93   1723.62 104547.60 104667.60      4.65
   109 17484 17519   1724.28   1725.49 104781.60 104991.60      6.46
   110 17528 17589   1725.80   1727.91 105045.60 105411.60     77.91
   111 17605 17684   1728.46   1731.20 105507.60 105981.60     49.78
   112 17782 17816   1734.59   1735.77 106569.60 106773.60      7.52
   113 17840 17938   1736.61   1740.02 106917.60 107505.60     14.03
   114 18233 18263   1750.32   1751.37 109275.60 109455.60      6.57
   115 18397 18432   1756.08   1757.31 110259.60 110469.60      7.58
   116 18476 18638   1758.85   1764.57 110733.60 111705.60     97.54
   117 18837 18890   1771.61   1773.49 112899.60 113217.60     44.56
   118 18911 18954   1774.23   1775.76 113343.60 113601.60     14.70
   119 19064 19097   1779.68   1780.85 114261.60 114459.60      8.45
   120 19176 19247   1783.67   1786.21 114933.60 115359.60     38.88
   121 19267 19418   1786.92   1792.33 115479.60 116385.60     66.02
   122 19440 19479   1793.12   1794.52 116517.60 116751.60      8.57
   123 19506 19604   1795.49   1799.01 116913.60 117501.60     31.22
   124 19682 19733   1801.82   1803.66 117969.60 118275.60     37.30
   125 19748 19793   1804.21   1805.83 118365.60 118635.60     14.92
   126 19950 20054   1811.51   1815.29 119577.60 120201.60     91.00
   127 20262 20319   1822.86   1824.94 121449.60 121791.60     49.18
   128 20358 20378   1826.37   1827.10 122025.60 122145.60      4.65
   129 20427 20494   1828.89   1831.35 122439.60 122841.60     12.75
   130 20577 20784   1834.39   1842.01 123339.60 124581.60     96.59
   131 20970 21074   1848.88   1852.73 125697.60 126321.60     25.21
   132 21183 21236   1856.77   1858.74 126975.60 127293.60     20.96
   133 21345 21390   1862.80   1864.48 127947.60 128217.60      8.15
   134 21518 21568   1869.26   1871.14 128985.60 129285.60     21.44
   135 21610 21704   1872.71   1876.24 129537.60 130101.60     23.55
   136 21865 21951   1882.29   1885.53 131067.60 131583.60     10.06
   137 21995 22040   1887.20   1888.90 131847.60 132117.60     16.73
   138 22097 22142   1891.05   1892.76 132459.60 132729.60      5.06
   139 22214 22236   1895.48   1896.32 133161.60 133293.60      5.13
   140 22272 22304   1897.69   1898.90 133509.60 133701.60      5.73
   141 22317 22346   1899.40   1900.50 133779.60 133953.60      5.92
   142 22350 22435   1900.65   1903.89 133977.60 134487.60     48.62
   143 22448 22531   1904.38   1907.55 134565.60 135063.60     15.14
   144 22540 22551   1907.89   1908.31 135117.60 135183.60      4.04
   145 22574 22597   1909.19   1910.07 135321.60 135459.60      5.01
   146 22616 22657   1910.80   1912.37 135573.60 135819.60     11.37
   147 22763 22779   1916.43   1917.04 136455.60 136551.60      4.38
   148 22954 23234   1923.77   1934.58 137601.60 139281.60     67.86
   149 23243 23399   1934.93   1940.98 139335.60 140271.60     65.99
   150 23413 23500   1941.52   1944.90 140355.60 140877.60     29.79
   151 23864 24007   1959.12   1964.74 143061.60 143919.60    110.04
   152 24174 24182   1971.32   1971.63 144921.60 144969.60      4.09
   153 24360 24411   1978.67   1980.69 146037.60 146343.60     18.20
   154 24444 24480   1982.00   1983.43 146541.60 146757.60     10.55
   155 24549 24675   1986.17   1991.18 147171.60 147927.60    111.96
   156 24734 24810   1993.54   1996.57 148281.60 148737.60     50.42
   157 24857 24911   1998.45   2000.61 149019.60 149343.60     48.10
   158 24959 25019   2002.53   2004.94 149631.60 149991.60     86.77
   159 25045 25137   2005.98   2009.68 150147.60 150699.60     44.12
   160 25153 25194   2010.32   2011.97 150795.60 151041.60      9.76
   161 25257 25311   2014.51   2016.69 151419.60 151743.60     41.02
   162 25331 25356   2017.50   2018.51 151863.60 152013.60      4.91
   163 25375 25448   2019.27   2022.23 152127.60 152565.60     24.63
   164 25558 25624   2026.68   2029.36 153225.60 153621.60      9.64
   165 25699 25762   2032.41   2034.98 154071.60 154449.60     31.27
   166 25802 25847   2036.61   2038.44 154689.60 154959.60     11.92
   167 25888 25945   2040.11   2042.44 155205.60 155547.60     50.75
   168 25948 26019   2042.57   2045.47 155565.60 155991.60      8.46
   169 26040 26085   2046.33   2048.17 156117.60 156387.60     15.34
   170 26115 26277   2049.40   2056.06 156567.60 157539.60    109.91
   171 26345 26436   2058.86   2062.61 157947.60 158493.60     33.78
   172 26502 26523   2065.34   2066.21 158889.60 159015.60      5.24
   173 26528 26601   2066.41   2069.43 159045.60 159483.60     64.97
   174 26628 26697   2070.55   2073.41 159645.60 160059.60     34.66
   175 26714 26808   2074.12   2078.03 160161.60 160725.60     13.63
   176 26831 26904   2078.98   2082.02 160863.60 161301.60     87.59
   177 26915 26984   2082.48   2085.36 161367.60 161781.60    102.40
   178 27133 27206   2091.59   2094.64 162675.60 163113.60     62.54
   179 27408 27452   2103.13   2104.98 164325.60 164589.60      8.02
   180 27483 27499   2106.29   2106.96 164775.60 164871.60      4.41
   181 27567 27617   2109.83   2111.95 165279.60 165579.60     31.14
   182 27735 27784   2116.94   2119.02 166287.60 166581.60     22.52
   183 27820 27911   2120.54   2124.41 166797.60 167343.60     29.05
   184 27944 28032   2125.81   2129.56 167541.60 168069.60     22.26
   185 28204 28499   2136.90   2149.56 169101.60 170871.60     85.44
   186 28562 28672   2152.27   2157.01 171249.60 171909.60     39.06
   187 28846 28890   2164.54   2166.44 172953.60 173217.60      8.23
   188 29029 29089   2172.48   2175.09 174051.60 174411.60     30.58
   189 29169 29228   2178.58   2181.15 174891.60 175245.60     34.96
   190 29243 29265   2181.80   2182.76 175335.60 175467.60      4.84
   191 29326 29367   2185.43   2187.23 175833.60 176079.60     14.79
   192 29503 29719   2193.19   2202.69 176895.60 178191.60    170.24
   193 29724 29767   2202.91   2204.81 178221.60 178479.60     18.73
   194 29912 29941   2211.21   2212.50 179349.60 179523.60      6.22
   195 29954 30025   2213.07   2216.22 179601.60 180027.60     18.18
   196 30069 30174   2218.17   2222.84 180291.60 180921.60     76.33
   197 30206 30262   2224.26   2226.76 181113.60 181449.60     21.55
   198 30270 30362   2227.11   2231.22 181497.60 182049.60    106.73
   199 30418 30486   2233.72   2236.76 182385.60 182793.60     19.02
   200 30552 30604   2239.72   2242.05 183189.60 183501.60      8.93
   201 30805 30867   2251.09   2253.88 184707.60 185079.60    100.20
   202 30880 30948   2254.47   2257.54 185157.60 185565.60     11.30
   203 30961 30999   2258.13   2259.85 185643.60 185871.60      9.04
   204 31018 31091   2260.70   2264.01 185985.60 186423.60     12.77
   205 31155 31254   2266.91   2271.41 186807.60 187401.60      9.07
   206 31486 31663   2281.98   2290.08 188793.60 189855.60     79.24
   207 31690 31713   2291.32   2292.37 190017.60 190155.60      5.71
   208 31734 31808   2293.33   2296.73 190281.60 190725.60     40.78
   209 31911 31926   2301.47   2302.16 191343.60 191433.60      4.28
   210 31991 32022   2305.16   2306.59 191823.60 192009.60      7.32
   211 32034 32080   2307.14   2309.27 192081.60 192357.60     21.35
   212 32125 32145   2311.35   2312.28 192627.60 192747.60      4.65
   213 32297 32310   2319.32   2319.92 193659.60 193737.60      4.16
   214 32372 32452   2322.80   2326.53 194109.60 194589.60     26.17
   215 32468 32491   2327.27   2328.34 194685.60 194823.60      4.70
   216 32518 32550   2329.60   2331.09 194985.60 195177.60      4.79
   217 32621 32795   2334.41   2342.55 195603.60 196647.60    114.72
   218 32894 32925   2347.20   2348.66 197241.60 197427.60      6.02
   219 33016 33080   2352.94   2355.95 197973.60 198357.60     48.85
   220 33144 33219   2358.97   2362.52 198741.60 199191.60     82.23
   221 33269 33346   2364.88   2368.53 199491.60 199953.60    102.81
   222 33356 33498   2369.00   2375.74 200013.60 200865.60     13.64
   223 33516 33571   2376.60   2379.22 200973.60 201303.60     20.57
   224 33596 33742   2380.41   2387.37 201453.60 202329.60     46.51
   225 33878 33915   2393.88   2395.66 203145.60 203367.60      7.41
   226 34012 34094   2400.31   2404.25 203949.60 204441.60     34.83
   227 34124 34154   2405.70   2407.14 204621.60 204801.60      5.84
   228 34180 34304   2408.39   2414.38 204957.60 205701.60     63.45
   229 34407 34429   2419.36   2420.43 206319.60 206451.60      4.68
   230 34448 34530   2421.35   2425.32 206565.60 207057.60     42.22
   231 34644 34687   2430.86   2432.96 207741.60 207999.60     11.53
   232 34785 34803   2437.73   2438.61 208587.60 208695.60      4.43
   233 34855 34929   2441.15   2444.77 209007.60 209451.60     21.64
   234 34942 35006   2445.41   2448.54 209529.60 209913.60     15.43
   235 35093 35165   2452.81   2456.34 210435.60 210867.60      7.61
   236 35234 35302   2459.74   2463.09 211281.60 211689.60     16.34
   237 35335 35398   2464.72   2467.83 211887.60 212265.60     16.46
   238 35497 35591   2472.72   2477.38 212859.60 213423.60     86.78
   239 35627 35698   2479.16   2482.69 213639.60 214065.60      9.95
   240 35758 35843   2485.67   2489.90 214425.60 214935.60     87.30
   241 35990 36066   2497.24   2501.04 215817.60 216273.60     42.12
   242 36088 36109   2502.14   2503.19 216405.60 216531.60      5.94
   243 36206 36228   2508.06   2509.16 217113.60 217245.60      5.20
   244 36237 36411   2509.61   2518.37 217299.60 218343.60     41.16
   245 36434 36530   2519.53   2524.37 218481.60 219057.60      7.82
   246 36568 36616   2526.29   2528.72 219285.60 219573.60     18.64
   247 36632 36694   2529.53   2532.67 219669.60 220041.60     31.27
   248 36704 36778   2533.18   2536.93 220101.60 220545.60     48.43
   249 36994 37034   2547.93   2549.97 221841.60 222081.60     10.14
   250 37058 37135   2551.19   2555.13 222225.60 222687.60    115.02
   251 37319 37426   2564.55   2570.05 223791.60 224433.60     31.93
   252 37454 37527   2571.49   2575.25 224601.60 225039.60     16.58
   253 37571 37607   2577.52   2579.38 225303.60 225519.60      7.81
   254 37643 37704   2581.24   2584.39 225735.60 226101.60    107.97
   255 37726 37832   2585.53   2591.02 226233.60 226869.60    144.85
   256 37875 37913   2593.25   2595.22 227127.60 227355.60     11.95
   257 37967 38037   2598.03   2601.67 227679.60 228099.60     48.84
   258 38096 38165   2604.74   2608.34 228453.60 228867.60     14.62
   259 38228 38292   2611.64   2614.98 229245.60 229629.60     36.71
   260 38299 38349   2615.35   2617.97 229671.60 229971.60     21.76
   261 38507 38556   2626.26   2628.84 230919.60 231213.60      5.34
   262 38601 38617   2631.20   2632.05 231483.60 231579.60      4.35
   263 38748 38805   2638.96   2641.97 232365.60 232707.60      5.94
   264 38880 38984   2645.94   2651.45 233157.60 233781.60     72.08
   265 38994 39002   2651.98   2652.41 233841.60 233889.60      4.03
   266 39173 39194   2661.50   2662.62 234915.60 235041.60      4.61
   267 39225 39264   2664.27   2666.35 235227.60 235461.60      9.06
   268 39313 39340   2668.97   2670.41 235755.60 235917.60      4.29
   269 39409 39628   2674.10   2685.85 236331.60 237645.60     61.32
   270 39698 39807   2689.61   2695.49 238065.60 238719.60     48.69
   271 39828 39900   2696.62   2700.51 238845.60 239277.60     51.23
   272 39923 40011   2701.75   2706.51 239415.60 239943.60     21.80
   273 40150 40199   2714.05   2716.72 240777.60 241071.60     29.18
   274 40225 40357   2718.13   2725.32 241227.60 242019.60    123.73
   275 40362 40467   2725.59   2731.33 242049.60 242679.60     41.50
   276 40505 40548   2733.40   2735.76 242907.60 243165.60     14.63
   277 40556 40621   2736.20   2739.76 243213.60 243603.60     63.66
   278 40667 40731   2742.28   2745.80 243879.60 244263.60     39.62
   279 40748 40827   2746.73   2751.08 244365.60 244839.60     63.68
   280 40864 40977   2753.11   2759.35 245061.60 245739.60     72.49
   281 41010 41107   2761.17   2766.54 245937.60 246519.60     89.53
   282 41164 41232   2769.69   2773.47 246861.60 247269.60     62.03
   283 41401 41487   2782.86   2787.66 248283.60 248799.60     21.94
   284 41490 41558   2787.82   2791.62 248817.60 249225.60     32.40
   285 41648 41693   2796.65   2799.17 249765.60 250035.60     16.03
   286 41709 41844   2800.07   2807.65 250131.60 250941.60     35.07
   287 41876 41892   2809.45   2810.34 251133.60 251229.60      4.59
   288 41909 41972   2811.30   2814.85 251331.60 251709.60     15.60
   289 42046 42106   2819.02   2822.41 252153.60 252513.60     75.98
   290 42219 42279   2828.80   2832.20 253191.60 253551.60      8.18
   291 42294 42480   2833.05   2843.61 253641.60 254757.60     43.41
   292 42566 42588   2848.51   2849.77 255273.60 255405.60      4.91
   293 42762 42832   2859.71   2863.72 256449.60 256869.60     54.27
   294 42839 42881   2864.12   2866.53 256911.60 257163.60     12.94
   295 43044 43105   2875.89   2879.41 258141.60 258507.60     23.63
   296 43123 43294   2880.44   2890.32 258615.60 259641.60    145.89
   297 43383 43810   2895.47   2920.32 260175.60 262737.60     64.90
   298 43862 43915   2923.36   2926.46 263049.60 263367.60     10.32
   299 43935 43964   2927.64   2929.34 263487.60 263661.60      5.81
   300 43992 44069   2930.98   2935.50 263829.60 264291.60     21.00
   301 44236 44291   2945.33   2948.57 265293.60 265623.60      5.88
   302 44334 44380   2951.11   2953.83 265881.60 266157.60     16.76
   303 44390 44415   2954.42   2955.90 266217.60 266367.60      5.06
   304 44478 44490   2959.63   2960.34 266745.60 266817.60      4.24
   305 44543 44575   2963.48   2965.38 267135.60 267327.60      6.95
   306 44624 44769   2968.29   2976.91 267621.60 268491.60     80.25
   307 44840 44956   2981.15   2988.08 268917.60 269613.60    138.82
   308 45042 45156   2993.22   3000.06 270129.60 270813.60     96.79
   309 45165 45351   3000.60   3011.79 270867.60 271983.60    121.05
   310 45366 45472   3012.70   3019.09 272073.60 272709.60    103.39
   311 45486 45670   3019.94   3031.08 272793.60 273897.60    100.90
   312 45683 45889   3031.87   3044.40 273975.60 275211.60     71.30
   313 45897 45968   3044.88   3049.21 275259.60 275685.60     63.61
   314 45978 46026   3049.82   3052.75 275745.60 276033.60     24.82
   315 46037 46096   3053.43   3057.03 276099.60 276453.60     14.99
   316 46147 46519   3060.16   3083.03 276759.60 278991.60    117.69
   317 46528 46593   3083.58   3087.59 279045.60 279435.60     14.15
   318 46642 46760   3090.62   3097.93 279729.60 280437.60     92.28
   319 46807 46870   3100.85   3104.76 280719.60 281097.60     14.72
   320 46918 47104   3107.74   3119.33 281385.60 282501.60    108.40
   321 47121 47171   3120.39   3123.52 282603.60 282903.60     18.83
   322 47213 47245   3126.15   3128.15 283155.60 283347.60      6.39
   323 47287 47393   3130.78   3137.43 283599.60 284235.60     39.30
   324 47396 47455   3137.62   3141.32 284253.60 284607.60     30.80
   325 47523 47564   3145.60   3148.18 285015.60 285261.60     11.73
   326 47572 47623   3148.69   3151.90 285309.60 285615.60     12.01
   327 47707 47887   3157.21   3168.60 286119.60 287199.60    171.64
   328 47958 48108   3173.11   3182.65 287625.60 288525.60     42.77
   329 48111 48239   3182.84   3191.00 288543.60 289311.60     62.60
   330 48284 48314   3193.88   3195.80 289581.60 289761.60      5.60
   331 48369 48428   3199.32   3203.10 290091.60 290445.60     14.64
   332 48448 48690   3204.38   3219.94 290565.60 292017.60     46.12
   333 48694 48915   3220.19   3234.47 292041.60 293367.60     34.68
   334 49017 49175   3241.08   3251.34 293979.60 294927.60    101.24
   335 49204 49241   3253.23   3255.64 295101.60 295323.60      7.75
   336 49388 49732   3265.23   3287.79 296205.60 298269.60    165.15
   337 49764 49830   3289.90   3294.25 298461.60 298857.60     79.51
   338 49868 49901   3296.75   3298.93 299085.60 299283.60      6.27
   339 49982 50089   3304.28   3311.37 299769.60 300411.60    171.40
   340 50173 50267   3316.94   3323.18 300915.60 301479.60     82.42
   341 50321 50418   3326.78   3333.24 301803.60 302385.60    120.75
   342 50465 50537   3336.38   3341.19 302667.60 303099.60     40.17
   343 50544 50582   3341.66   3344.20 303141.60 303369.60      6.39
   344 50596 50648   3345.14   3348.62 303453.60 303765.60      5.85
   345 50659 50709   3349.36   3352.71 303831.60 304131.60     22.61
   346 50730 50992   3354.12   3371.75 304257.60 305829.60    164.46
   347 51111 51438   3379.79   3401.99 306543.60 308505.60     50.63
   348 51458 51564   3403.35   3410.58 308625.60 309261.60     82.92
   349 51568 51723   3410.85   3421.45 309285.60 310215.60    147.60
   350 51791 51857   3426.11   3430.63 310623.60 311019.60     24.40
   351 51916 52004   3434.69   3440.74 311373.60 311901.60     20.37
   352 52017 52190   3441.64   3453.57 311979.60 313017.60    172.50
   353 52210 52276   3454.96   3459.52 313137.60 313533.60     20.15
   354 52303 52346   3461.39   3464.37 313695.60 313953.60     11.37
   355 52353 52559   3464.86   3479.17 313995.60 315231.60     90.73
   356 52629 52644   3484.05   3485.10 315651.60 315741.60      4.65
   357 52679 52982   3487.54   3508.75 315951.60 317769.60     89.72
   358 53032 53374   3512.27   3536.39 318069.60 320121.60     63.83
   359 53394 53507   3537.80   3545.81 320241.60 320919.60    100.32
   360 53527 53589   3547.23   3551.64 321039.60 321411.60     43.71
   361 53602 53672   3552.56   3557.54 321489.60 321909.60     31.33
   362 53684 54179   3558.40   3593.83 321981.60 324951.60    158.17
   363 54204 54384   3595.62   3608.60 325101.60 326181.60    113.08
   364 54424 54536   3611.49   3619.60 326421.60 327093.60     66.64
   365 54561 54907   3621.41   3646.57 327243.60 329319.60    105.81
